Pi: 3.14138
8 threads
time : 0.0358138 seconds
