Pi: 3.14182
time : 0.0482737 seconds
